26.1405249 91.79942729999999
26.1405249 91.79942729999999
26.140575199999997 91.7994283
26.140584 91.7994374
26.140575199999997 91.7994283
26.140575199999997 91.7994283
26.140585100000003 91.7994392
26.140585100000003 91.7994392
26.140585100000003 91.7994392
26.140585100000003 91.7994392
26.1405766 91.7994417
26.1405766 91.7994417
26.1405878 91.79941079999999
26.1405878 91.79941079999999
26.140572799999997 91.7993863
26.140572799999997 91.7993863
26.140572799999997 91.7993863
26.140572799999997 91.7993863
26.140572799999997 91.7993863
26.1405787 91.7993867
26.1405787 91.7993867
